      64
     -80.9450500
      80.9450500
      248.053150
      426.100800
      615.595550
      816.546300
      1028.96395
      1252.86050
      1488.25150
      1735.15500
      1993.59200
      2263.58850
      2545.17450
      2838.38550
      3143.26450
      3459.86300
      3788.24150
      4128.47150
      4480.63950
      4844.84750
      5221.21750
      5609.89450
      6011.04950
      6424.88850
      6851.65600
      7291.64150
      7745.19100
      8212.71550
      8694.70450
      9191.74050
      9704.51650
      10233.8570
      10780.7450
      11346.3500
      11932.0600
      12539.5250
      13170.7200
      13827.9900
      14514.1150
      15232.4200
      15986.8500
      16782.1050
      17623.7850
      18518.5400
      19474.2900
      20500.4600
      21608.2650
      22811.0600
      24124.7350
      25568.1900
      27163.9200
      28938.7050
      30924.4100
      33158.9500
      35687.4500
      38563.6200
      41851.3650
      45626.7350
      49980.2500
      55019.6200
      60873.0250
      67693.0100
      75661.1150
      84252.6050
