  42
    -92.830
     92.830
    284.100
    486.540
    700.100
    924.830
   1160.870
   1408.460
   1667.940
   1939.740
   2224.390
   2522.510
   2834.820
   3162.140
   3505.380
   3865.550
   4243.750
   4641.180
   5059.140
   5499.020
   5962.310
   6450.590
   6965.540
   7508.940
   8082.660
   8688.670
   9329.030
  10005.900
  10721.540
  11478.300
  12278.630
  13125.070
  14020.260
  14966.940
  15967.940
  17026.190
  18144.710
  19326.620
  20575.140
  21893.580
  23285.350
  24714.650
