     82
     -300.000
      300.000
      900.000
     1500.000
     2100.000
     2700.000
     3300.000
     3900.000
     4500.000
     5100.000
     5700.000
     6300.000
     6900.000
     7500.000
     8100.000
     8700.000
     9300.000
     9900.000
    10500.000
    11100.000
    11700.000
    12300.000
    12900.000
    13500.000
    14100.000
    14700.000
    15300.000
    15900.000
    16500.000
    17100.000
    17700.000
    18300.000
    18900.000
    19500.000
    20100.000
    20700.000
    21300.000
    21900.000
    22500.000
    23100.000
    23700.000
    24300.000
    24900.000
    25500.000
    26100.000
    26700.000
    27300.000
    27900.000
    28500.000
    29100.000
    29700.000
    30300.000
    30900.000
    31500.000
    32100.000
    32700.000
    33300.000
    33900.000
    34500.000
    35100.000
    35700.000
    36300.000
    36900.000
    37500.000
    38100.000
    38700.000
    39300.000
    39900.000
    40500.000
    41100.000
    41700.000
    42300.000
    42900.000
    43500.000
    44100.000
    44700.000
    45300.000
    45900.000
    46500.000
    47100.000
    47700.000
    48300.000
