 80
 -30.024500000000000
  30.024500000000000
  94.184499999999986
  167.06850000000000
  249.18049999999999
  340.52400000000000
  441.10350000000000
  550.92449999999997
  669.99299999999994
  798.31700000000001
  935.90449999999998
  1082.7645000000000
  1238.9079999999999
  1404.3470000000000
  1579.0965000000001
  1763.1730000000000
  1956.5944999999999
  2159.3834999999999
  2371.5650000000001
  2593.1670000000004
  2824.2230000000000
  3064.7709999999997
  3314.8539999999998
  3574.5219999999999
  3843.8325000000000
  4122.8519999999999
  4411.6559999999999
  4710.3315000000002
  5018.9790000000003
  5337.7129999999997
  5666.6660000000002
  6005.9904999999999
  6355.8609999999999
  6716.4780000000001
  7088.0715000000000
  7470.9070000000002
  7865.2895000000008
  8271.5684999999994
  8690.1460000000006
  9121.4840000000004
  9566.1140000000014
  10024.646000000001
  10497.780999999999
  10986.324500000001
  11491.202499999999
  12013.478999999999
  12554.377000000000
  13115.300999999999
  13697.865500000000
  14303.925999999999
  14935.613499999999
  15595.378499999999
  16286.036500000000
  17010.821499999998
  17773.450499999999
  18578.195500000002
  19429.966000000000
  20334.401500000000
  21297.983500000002
  22328.160499999998
  23433.491500000000
  24623.812500000000
  25910.424500000001
  27306.315999999999
  28826.411000000000
  30487.858500000002
  32310.366499999996
  34316.580499999996
  36532.523500000003
  38988.099499999997
  41717.671999999999
  44760.728499999997
  48162.644500000002
  51975.562500000000
  56259.402000000002
  61083.017500000002
  66525.525499999989
  72677.851499999990
  79644.472500000003
  87046.167500000010
