  40
    185.660
    382.540
    590.540
    809.660
   1040.000
   1281.740
   1535.180
   1800.700
   2078.780
   2370.000
   2675.020
   2994.620
   3329.660
   3681.100
   4050.000
   4437.500
   4844.860
   5273.420
   5724.620
   6200.000
   6701.180
   7229.900
   7787.980
   8377.340
   9000.000
   9658.060
  10353.740
  11089.340
  11867.260
  12690.000
  13560.140
  14480.380
  15453.500
  16482.380
  17570.000
  18719.420
  19933.820
  21216.460
  22570.700
  24000.000
