      62
        161.8901
        334.2162
        517.9854
        713.2057
        919.8869
        1138.041
        1367.680
        1608.823
        1861.487
        2125.697
        2401.480
        2688.869
        2987.902
        3298.627
        3621.099
        3955.384
        4301.559
        4659.720
        5029.975
        5412.460
        5807.329
        6214.770
        6635.007
        7068.305
        7514.978
        7975.404
        8450.027
        8939.382
        9444.099
        9964.934
        10502.78
        11058.71
        11633.99
        12230.13
        12848.92
        13492.52
        14163.46
        14864.77
        15600.07
        16373.63
        17190.58
        18056.99
        18980.09
        19968.49
        21032.43
        22184.10
        23438.02
        24811.45
        26324.93
        28002.91
        29874.50
        31974.32
        34343.58
        37031.32
        40095.92
        43606.81
        47646.66
        52313.84
        57725.40
        64020.65
        71365.37
        79956.86
