 120
  600.000
 1200.000
 1800.000
 2400.000
 3000.000
 3600.000
 4200.000
 4800.000
 5400.000
 6000.000
 6600.000
 7200.000
 7800.000
 8400.000
 9000.000
 9600.000
10200.000
10800.000
11400.000
12000.000
12600.000
13200.000
13800.000
14400.000
15000.000
15600.000
16200.000
16800.000
17400.000
18000.000
18600.000
19200.000
19800.000
20400.000
21000.000
21600.000
22200.000
22800.000
23400.000
24000.000
24600.000
25200.000
25800.000
26400.000
27000.000
27600.000
28200.000
28800.000
29400.000
30000.000
30600.000
31200.000
31800.000
32400.000
33000.000
33600.000
34200.000
34800.000
35400.000
36000.000
36600.000
37200.000
37800.000
38400.000
39000.000
39600.000
40200.000
40800.000
41400.000
42000.000
42600.000
43200.000
43800.000
44400.000
45000.000
45600.000
46200.000
46800.000
47400.000
48000.000
48600.000
49200.000
49800.000
50400.000
51000.000
51600.000
52200.000
52800.000
53400.000
54000.000
54600.000
55200.000
55800.000
56400.000
57000.000
57600.000
58200.000
58800.000
59400.000
60000.000
60600.000
61200.000
61800.000
62400.000
63000.000
63600.000
64200.000
64800.000
65400.000
66000.000
66600.000
67200.000
67800.000
68400.000
69000.000
69600.000
70200.000
70800.000
71400.000
72000.000
