38
     0.0000
   161.6830    
   335.9580    
   523.8060    
   726.2850    
   944.5340    
   1179.781    
   1433.349    
   1706.667    
   2001.272    
   2318.822    
   2661.104    
   3030.045    
   3427.720    
   3856.368    
   4318.400    
   4816.418    
   5353.223    
   5931.837    
   6555.516    
   7227.769    
   7952.380    
   8733.428    
   9575.306    
   10482.75    
   11460.88    
   12515.18    
   13651.60    
   14876.52    
   16196.85    
   17620.01    
   19154.01    
   20807.49    
   22589.74    
   24510.81    
   26581.50    
   29644.91    
   33849.50    
   39620.39    
